CG9989-RA	5.72931209701897e-63	3.437587258211382e-62	0.0	0.0	0.0	0.014100511511381718	0.014100511511381718	0.014100511511381718
CG9990-RA	4.067514044362109e-64	4.881016853234531e-63	0.0	0.0	0.0	0.00042244563494318215	0.00042244563494318215	0.00042244563494318215
CG9990-RB	2.0672144614211497e-62	8.268857845684599e-62	4.757126115456878e-05	4.757126115456878e-05	4.757126115456878e-05	0.00028599491481975123	0.00028599491481975123	0.00028599491481975123
CG9992-RA	NaN	NaN	0.0	0.0	0.0	0.0	0.0	0.0
CG9992-RB	NaN	NaN	0.0	0.0	0.0	0.0	0.0	0.0
CG9992-RC	NaN	NaN	0.0	0.0	0.0	0.0	0.0	0.0
CG9992-RD	1.0	1.0	0.0	0.0	0.0	0.0	0.0	0.0
CG9992-RE	1.0	1.0	0.0010469820089229042	0.0010469820089229042	0.0010469820089229042	0.0	0.0	0.0
CG9993-RA	1.0	1.0	0.0003015763395267061	0.0003015763395267061	0.0003015763395267061	0.0	0.0	0.0
CG9994-RA	1.0	1.0	0.07758265657370608	0.07758265657370608	0.07758265657370608	0.16255110257362687	0.16255110257362687	0.16255110257362687
CG9995-RA	1.0	1.0	0.029619914200617534	0.029619914200617534	0.029619914200617534	0.018117047390628888	0.018117047390628888	0.018117047390628888
CG9996-RB	1.0	1.0	0.03819589660032346	0.03819589660032346	0.03819589660032346	0.022769310070526728	0.022769310070526728	0.022769310070526728
CG9997-RA	1.0	1.0	0.0	0.0	0.0	0.0003643167748930366	0.0003643167748930366	0.0003643167748930366
CG9998-RA	1.0	1.0	0.2712175239587205	0.2712175239587205	0.2712175239587205	0.2620048754055201	0.2620048754055201	0.2620048754055201
CG9999-RA	1.0	1.0	0.02536311658242118	0.02536311658242118	0.02536311658242118	0.03320909286790296	0.03320909286790296	0.03320909286790296
